    117     117    1170
     62      62     620
     38      38     380
     48      48     480
      8       8      80
     68      68     680
     25      25     250
      7       7      70
      3       3      30
      2       2      20
     96      96     960
     90      90     900
     73      73     730
     55      55     550
     38      38     380
     34      34     340
     23      23     230
     19      19     190
     13      13     130
     11      11     110
      6       6      60
      6       6      60
      4       4      40
      4       4      40
      3       3      30
      3       3      30
      3       3      30
      3       3      30
      2       2      20
      2       2      20
      2       2      20
      2       2      20
      1       1      10
      1       1      10
      1       1      10
      1       1      10
      1       1      10
      1       1      10
      1       1      10
      1       1      10
      0       0       0
      0       0       0
      0       0       0
      0       0       0
      0       0       0
      0       0       0
      0       0       0
      0       0       0
      0       0       0
      0       0       0
      0       0       0
      0       0       0
      0       0       0
      0       0       0
      0       0       0
      0       0       0
      0       0       0
      0       0       0
      0       0       0
      0       0       0
      0       0       0
      0       0       0
